2
50
0.565084767105
0.549807020654
3.657448588616
0.428848736257
0.815834229679
5.993889402483
1.000671884326
0.565259138370
0.549344300186
3.657927374467
0.428382686761
0.817212294368
5.994229240882
1.000664791467
0.564947322757
0.549849367847
3.657907295878
0.428084994737
0.818055994889
5.993784663122
1.000647544805
0.565219404427
0.549547682798
3.657534771588
0.428710192260
0.816385904632
5.994025957377
1.000677179202
0.565238298892
0.549512785327
3.657699041102
0.428437645106
0.817180295700
5.994000094194
1.000671502745
0.565335819171
0.549208067626
3.657700745524
0.428234236834
0.817881096521
5.994044014870
1.000670758851
0.564935894618
0.549953913204
3.657358688213
0.428647335035
0.816509999652
5.993561774987
1.000662399859
0.565656938542
0.548935519805
3.657716528733
0.428811586270
0.816294645395
5.994445692409
1.000700946955
0.565225892847
0.549684152820
3.657468100330
0.428965291131
0.815675547500
5.993925711097
1.000686587101
0.506738798171
2.803761331190
5.851544911647
0.289552928104
1.091973044026
3.916860754778
0.982806968426
0.565231926649
0.549436045001
3.657777135672
0.428435123552
0.817134110969
5.994089305429
1.000669020341
0.506452608482
2.803205824995
5.852852186376
0.289597630674
1.092690411922
3.917504363118
0.982807231174
0.565848972428
0.548560373624
3.657700950768
0.428741519992
0.816583928836
5.994515934318
1.000705240140
0.565378920548
0.549296233043
3.657557484456
0.428864225165
0.815867302044
5.994194058379
1.000680221881
0.565395498583
0.549363532495
3.657715849051
0.428934171686
0.815691526035
5.994189359689
1.000687066962
0.565297689746
0.549476091825
3.657707002409
0.428739634957
0.816285739531
5.993994747072
1.000678858239
0.506744285152
2.803801150429
5.851620728538
0.289546127871
1.091902771631
3.916871041263
0.982806880134
0.564976477980
0.549919401195
3.657286668857
0.429130967495
0.814951671592
5.993851607970
1.000669911014
0.506716344462
2.803274795643
5.852876191258
0.289661242301
1.092570348330
3.916838185119
0.982811970854
0.506616029847
2.803638297222
5.852186065180
0.289544399079
1.092180041222
3.917125497751
0.982805518737
0.565869971515
0.548647471231
3.657564559580
0.429122272320
0.815274731863
5.994488536825
1.000715493645
0.565366991455
0.549395629728
3.657280892637
0.429416779698
0.814161353196
5.993876001243
1.000692527758
0.565014460874
0.549943384756
3.657558242066
0.428486723009
0.817139061239
5.993748422016
1.000663811472
0.565482265759
0.549202953318
3.657593211349
0.428793591699
0.816377243922
5.994233223575
1.000690808038
0.565402873618
0.549200205929
3.657590360928
0.428751715036
0.816414892050
5.994079681760
1.000686135420
0.565165728350
0.549459806484
3.657934930371
0.427919592146
0.818702448228
5.994022937637
1.000656041528
0.564777850346
0.550067245694
3.657804697217
0.428241414616
0.817338632490
5.993580752284
1.000637880378
0.565694125774
0.548888377638
3.657272095250
0.429210195207
0.815005874147
5.994397858541
1.000707598603
0.564619136954
0.550384519489
3.657377012473
0.428655671954
0.816179569800
5.993374295191
1.000641971933
0.565257925016
0.549412425837
3.657954007162
0.427987942700
0.818678327677
5.994110304357
1.000663150767
0.564617892616
0.550432973623
3.657588411571
0.428261689400
0.817347267078
5.993386215740
1.000637585240
0.565373905374
0.549231536673
3.657847489868
0.428565142409
0.816726262271
5.994200463600
1.000678373232
0.506867923604
2.803815337237
5.851163659056
0.289584553198
1.091912665344
3.916539344685
0.982809252767
0.565296936428
0.549523422205
3.657208809845
0.428776755064
0.816419226170
5.993733225723
1.000686074703
0.565233873261
0.549440985994
3.657903634408
0.428376654042
0.817328509300
5.994136915600
1.000664857587
0.565529013457
0.549068845876
3.658058613805
0.428346388345
0.817643652973
5.994315423795
1.000685842758
0.506743272997
2.803635555352
5.852066892462
0.289577648402
1.092160113824
3.916782106274
0.982807765604
0.506725942580
2.803801745521
5.851013890195
0.289546343089
1.091873982096
3.916960649664
0.982807081877
0.506564801087
2.803490745093
5.852090040176
0.289564995730
1.092354871071
3.917246064442
0.982806226404
0.506617379864
2.803535333442
5.852190162982
0.289567704294
1.092269934520
3.917125776432
0.982806810197
0.565619528868
0.548934054026
3.657513981570
0.429200325218
0.814971198603
5.994362225563
1.000701943133
0.564925313244
0.549989237127
3.657435185453
0.428803365688
0.815980718846
5.993644245683
1.000662474602
0.565165040511
0.549627447147
3.657592991157
0.428910296942
0.815685266091
5.994059891121
1.000677392451
0.565283152209
0.549537749259
3.657425976623
0.429047910514
0.815615244621
5.993960192532
1.000690814490
0.565153345674
0.549587394091
3.657839226757
0.428072110326
0.818313933857
5.993938444522
1.000659164494
0.564750074435
0.550256764388
3.657537975023
0.428533425529
0.816792531369
5.993347061839
1.000646131191
0.506622458771
2.803546626400
5.852039446509
0.289565388271
1.092302371924
3.917077166061
0.982806348248
0.565618530116
0.548929638465
3.657445569892
0.428934202712
0.815792763631
5.994270610964
1.000696473061
0.565221332217
0.549694476008
3.657518440998
0.428811381026
0.816236914840
5.993920324346
1.000686774278
0.564922044055
0.550035863345
3.657654817362
0.428817850893
0.815808230971
5.993761149038
1.000661247311
